   869.86194       310.8187       13.04999
   12.50000       310.81870       13.04999
   37.50000       310.81893       13.04909
   62.50000       310.81931       13.04820
   87.50001       310.81967       13.04716
   112.50000       310.82011       13.04595
   137.50000       310.82058       13.04462
   162.50001       310.82112       13.04310
   187.50001       310.82171       13.04144
   212.50001       310.82240       13.03961
   237.50001       310.82312       13.03767
   262.50002       310.82388       13.03560
   287.50002       310.82470       13.03340
   312.50000       310.82733       13.02647
   337.50001       310.83057       13.01809
   362.50001       310.83443       13.00795
   387.50002       310.83922       12.99564
   412.50002       310.84533       12.98020
   437.50003       310.85301       12.96075
   462.50004       310.86325       12.93545
   487.50001       310.87720       12.90093
   512.50005       310.90216       12.84040
   537.50002       310.97163       12.66704
   562.50000       311.09954       12.43060
   587.50004       311.16211       12.30429
   612.50001       311.20798       12.18798
   637.50005       311.28330       11.99260
   662.50002       311.51259       11.50065
   687.50006       311.90250       10.76001
   712.50004       312.28284       10.04508
   737.50001       312.58459       9.48104
   762.50005       312.82633       9.03406
   787.50002       313.03181       8.66067
   812.50006       313.20708       8.34966
   837.50004       313.35094       8.09730
   862.50001       313.47091       7.89149
   887.50005       313.57140       7.72296
   912.50002       313.65608       7.58462
   937.50006       313.72765       7.47062
   962.50004       313.78859       7.37581
   987.50007       313.84129       7.29569
   1012.50005       313.88766       7.22680
   1037.50002       313.92913       7.16633
   1062.50000       313.96708       7.11194
   1087.50010       314.00258       7.06152
   1112.50007       314.03681       7.01329
   1137.50005       314.07062       6.96570
   1162.50002       314.10499       6.91714
   1187.50000       314.14084       6.86584
   1212.50010       314.17906       6.80995
   1237.50007       314.22316       6.74512
   1262.50005       314.27342       6.66807
   1287.50002       314.33404       6.57180
   1312.50012       314.41256       6.44409
   1337.50010       314.51660       6.27099
   1362.50007       314.67808       5.98536
   1387.50005       314.84822       5.67054
   1412.50002       314.91071       5.55272
   1437.50012       314.93568       5.49722
   1462.50010       314.96913       5.41320
   1487.50007       315.05500       5.25155
   1512.50005       315.17006       5.07536
   1537.50002       315.22417       4.99016
   1562.50012       315.23207       4.97605
   1587.50010       315.23650       4.96854
   1612.50007       315.24388       4.95668
   1637.50005       315.26705       4.92649
   1662.50002       315.34855       4.89770
   1687.50012       315.47510       4.88387
   1712.50010       315.58430       4.87159
   1737.50007       315.64766       4.84993
   1762.50005       315.68896       4.80492
   1787.50014       315.74859       4.69206
   1812.50012       315.88643       4.41954
   1837.50010       316.05085       4.10532
   1862.50007       316.14895       3.88436
   1887.50005       316.16002       3.83590
   1912.50014       316.16222       3.85474
   1937.50012       316.16043       3.95084
   1962.50010       316.16069       4.05159
   1987.50007       316.16828       4.07427
   2012.50005       316.20319       3.90519
   2037.50014       316.31327       3.67194
   2062.50000       316.48906       3.58554
   2087.50010       316.65808       3.60407
   2112.50019       316.75794       3.64703
   2137.50005       316.80580       3.69487
   2162.50014       316.84516       3.73445
   2187.50000       316.88362       3.76157
   2212.50010       316.91282       3.77083
   2237.50019       316.93609       3.74869
   2262.50005       316.96893       3.68295
   2287.50014       317.01813       3.60293
   2312.50000       317.07147       3.54483
   2337.50010       317.12179       3.51429
   2362.50019       317.17526       3.49511
   2387.50005       317.23676       3.47853
   2412.50014       317.30522       3.46084
   2437.50000       317.37321       3.43944
   2462.50010       317.41870       3.41901
   2487.50019       317.43515       3.40622
   2512.50005       317.44153       3.39824
   2537.50014       317.44877       3.38686
   2562.50024       317.46495       3.36015
   2587.50010       317.48637       3.33115
   2612.50019       317.49948       3.32011
   2637.50005       317.50497       3.31858
   2662.50014       317.50536       3.31848
   2687.50024       317.50573       3.31842
   2712.50010       317.50601       3.31835
   2737.50019       317.50624       3.31828
   2762.50005       317.50736       3.31757
   2787.50014       317.51276       3.31326
   2812.50024       317.53324       3.29650
   2837.50010       317.57740       3.24132
   2862.50019       317.62015       3.16644
   2887.50005       317.64603       3.11457
   2912.50014       317.66513       3.09164
   2937.50024       317.68655       3.08005
   2962.50010       317.71171       3.06880
   2987.50019       317.74350       3.04615
   3012.50005       317.77285       3.01013
   3041.93568       317.79344       2.97239
   3080.24216       317.81621       2.91811
   3127.41947       317.88598       2.77486
   3183.46786       318.02213       2.63954
   3248.38734       318.07608       2.61092
   3322.17741       318.08875       2.59873
   3404.83904       318.11329       2.55791
   3496.37127       318.20042       2.43822
   3596.77458       318.30673       2.39582
   3706.04849       318.34185       2.40966
   3824.19372       318.38097       2.39867
   3951.21002       318.43251       2.35400
   4087.09669       318.54479       2.25090
   4231.85492       318.74261       2.09732
   4385.48422       319.01725       1.92000
   4547.98412       319.17488       1.82066
   4719.35511       319.42536       1.64291
   4899.59669       319.86057       1.39834
   5088.71031       320.33391       0.97245
   5286.69405       320.62951       0.61184
   5493.54839       320.84629       0.52808
   5709.27477       321.22958       0.51547
   5933.87127       322.07623       0.47545
   6167.33932       323.12688       0.38072
   6409.67798       323.70892       0.32334
   6660.88772       324.56318       0.34120
   6920.96806       325.56404       0.34535
   7189.91947       327.08688       0.31613
   7467.74149       328.98618       0.28510
   7754.43602       330.38063       0.26484
   8050.00019       332.06255       0.23038
   8350.00038       333.09107       0.19214
   8650.00057       334.02998       0.17327
   8950.00076       335.16808       0.14758
   9250.00000       337.24030       0.12233
   9550.00019       339.07222       0.09158
   9850.00038       339.65743       0.08214
   10150.00057       340.62687       0.07049
   10450.00076       342.04254       0.05168
   10750.00095       343.63375       0.03905
   11050.00019       344.93088       0.03007
   11350.00038       345.84228       0.02242
   11650.00057       347.42994       0.01772
   11950.00076       349.29358       0.01331
   12250.00095       352.19434       0.00962
   12550.00019       358.87946       0.00896
   12850.00038       363.57533       0.00684
   13150.00057       368.13380       0.00518
   13450.00076       374.00038       0.00420
   13750.00095       379.20595       0.00367
   14050.00019       384.41854       0.00355
   14350.00038       390.03484       0.00334
   14650.00057       394.06109       0.00279
   14950.00076       402.20670       0.00296
   15250.00095       406.29124       0.00306
   15550.00114       408.03544       0.00322
   15850.0       408.21336       0.00316
