   869.86194       310.55993       13.13161
   12.50000       310.55993       13.13161
   37.50000       310.56008       13.13101
   62.50000       310.60547       13.09206
   87.50001       310.62789       13.08060
   112.50000       310.61805       13.07881
   137.50000       310.61239       13.06424
   162.50001       310.60754       13.06642
   187.50001       310.60449       13.06854
   212.50001       310.60852       13.10901
   237.50001       310.61141       13.07700
   262.50002       310.60998       13.06181
   287.50002       310.61025       13.06942
   312.50000       310.61323       13.05866
   337.50001       310.61990       13.06982
   362.50001       310.62729       13.08317
   387.50002       310.62721       13.05325
   412.50002       310.63486       13.03648
   437.50003       310.64106       13.02496
   462.50004       310.65061       12.99596
   487.50001       310.66385       12.98196
   512.50005       310.67781       12.92125
   537.50002       310.72505       12.79818
   562.50000       310.81326       12.68362
   587.50004       310.85676       12.57686
   612.50001       310.88545       12.50179
   637.50005       310.93957       12.37162
   662.50002       311.09341       12.03805
   687.50006       311.35882       11.53314
   712.50004       311.61184       11.03614
   737.50001       311.83865       10.59471
   762.50005       312.00500       10.28611
   787.50002       312.15622       9.99859
   812.50006       312.28704       9.76722
   837.50004       312.39681       9.57758
   862.50001       312.48731       9.41939
   887.50005       312.57479       9.29212
   912.50002       312.65321       9.17462
   937.50006       312.71031       9.08086
   962.50004       312.76899       9.00256
   987.50007       312.81027       8.97011
   1012.50005       312.84231       8.93047
   1037.50002       312.88847       8.87406
   1062.50000       312.90805       8.83131
   1087.50010       312.92898       8.78742
   1112.50007       312.95872       8.77616
   1137.50005       313.01180       8.70382
   1162.50002       313.07189       8.56740
   1187.50000       313.14490       8.43688
   1212.50010       313.21251       8.31722
   1237.50007       313.32097       8.03099
   1262.50005       313.47674       7.74514
   1287.50002       313.54228       7.64337
   1312.50012       313.67356       7.42624
   1337.50010       313.74312       7.31944
   1362.50007       313.86004       7.09433
   1387.50005       314.01293       6.76757
   1412.50002       314.15982       6.47954
   1437.50012       314.27944       6.32764
   1462.50010       314.34569       6.23929
   1487.50007       314.40271       6.13249
   1512.50005       314.49015       6.01245
   1537.50002       314.53226       5.95876
   1562.50012       314.57309       5.82507
   1587.50010       314.65653       5.65588
   1612.50007       314.71454       5.62119
   1637.50005       314.78930       5.51258
   1662.50002       314.89482       5.44527
   1687.50012       315.00428       5.39319
   1712.50010       315.10997       5.29492
   1737.50007       315.24410       5.16693
   1762.50005       315.32934       5.04961
   1787.50014       315.40126       4.94469
   1812.50012       315.51138       4.72180
   1837.50010       315.66099       4.47601
   1862.50007       315.83832       3.38280
   1887.50005       315.95217       3.23161
   1912.50014       315.96193       3.25005
   1937.50012       315.96321       3.32137
   1962.50010       315.97489       3.40701
   1987.50007       315.98803       3.43736
   2012.50005       316.01471       3.33440
   2037.50014       316.08746       3.17917
   2062.50000       316.22345       3.16453
   2087.50010       316.33515       3.17341
   2112.50019       316.40871       3.21171
   2137.50005       316.45112       3.24726
   2162.50014       316.48576       3.28051
   2187.50000       316.51619       3.29406
   2212.50010       316.54277       3.29295
   2237.50019       316.57351       3.27010
   2262.50005       316.61566       3.22179
   2287.50014       316.68419       3.16645
   2312.50000       316.73212       3.11823
   2337.50010       316.78500       3.08749
   2362.50019       316.83385       3.06527
   2387.50005       316.88537       3.05205
   2412.50014       316.94492       3.03421
   2437.50000       317.03512       3.00094
   2462.50010       317.08933       2.98526
   2487.50019       317.10784       2.97360
   2512.50005       317.11172       2.96307
   2537.50014       317.12233       2.96304
   2562.50024       317.13434       2.94560
   2587.50010       317.14068       2.91985
   2612.50019       317.16113       2.90892
   2637.50005       317.16010       2.91171
   2662.50014       317.16212       2.91146
   2687.50024       317.16148       2.91014
   2712.50010       317.16295       2.90797
   2737.50019       317.16598       2.90704
   2762.50005       317.16352       2.90663
   2787.50014       317.16516       2.90291
   2812.50024       317.18328       2.89673
   2837.50010       317.21307       2.85431
   2862.50019       317.25321       2.81239
   2887.50005       317.29823       2.76348
   2912.50014       317.28138       2.74962
   2937.50024       317.28633       2.73380
   2962.50010       317.30694       2.72718
   2987.50019       317.32439       2.72634
   3012.50005       317.34642       2.70014
   3041.93568       317.36293       2.67878
   3080.24216       317.40044       2.63466
   3127.41947       317.45914       2.54116
   3183.46786       317.53409       2.45340
   3248.38734       317.56819       2.42991
   3322.17741       317.69780       2.27920
   3404.83904       317.74652       2.27956
   3496.37127       317.79707       2.20277
   3596.77458       317.89471       2.14090
   3706.04849       318.03520       2.02789
   3824.19372       318.12005       2.02358
   3951.21002       318.17797       2.01853
   4087.09669       318.24677       1.95688
   4231.85492       318.45281       1.82848
   4385.48422       318.64901       1.68447
   4547.98412       318.92747       1.52205
   4719.35511       319.15683       1.39441
   4899.59669       319.71686       1.12604
   5088.71031       320.05634       0.82473
   5286.69405       320.17402       0.57938
   5493.54839       320.40677       0.52617
   5709.27477       320.85713       0.51103
   5933.87127       321.52730       0.46969
   6167.33932       322.38672       0.38353
   6409.67798       323.26672       0.33581
   6660.88772       324.20762       0.32959
   6920.96806       325.52028       0.35013
   7189.91947       327.07494       0.32073
   7467.74149       328.98623       0.28920
   7754.43602       330.22007       0.24221
   8050.00019       331.77107       0.22013
   8350.00038       333.28545       0.19315
   8650.00057       334.14306       0.16606
   8950.00076       335.05593       0.14027
   9250.00000       336.59187       0.11423
   9550.00019       338.46803       0.08965
   9850.00038       341.01424       0.07955
   10150.00057       341.91398       0.06310
   10450.00076       343.07787       0.04889
   10750.00095       344.11263       0.03559
   11050.00019       345.06326       0.02793
   11350.00038       345.79959       0.02071
   11650.00057       346.93938       0.01574
   11950.00076       348.38028       0.01171
   12250.00095       352.83397       0.00994
   12550.00019       358.92768       0.00605
   12850.00038       365.38468       0.00667
   13150.00057       369.79313       0.00531
   13450.00076       374.86010       0.00434
   13750.00095       380.48979       0.00377
   14050.00019       385.63022       0.00356
   14350.00038       390.83216       0.00353
   14650.00057       395.23711       0.00301
   14950.00076       402.74788       0.00327
   15250.00095       406.24894       0.00316
   15550.00114       407.69688       0.00326
   15850.0       407.84734       0.00317
