   869.86194       -16.2351       -1.57687
12.50000       -16.23510       -1.57687
37.50000       -16.21144       -1.59021
62.50000       -16.02549       -1.69520
87.50001       -15.69904       -1.87943
112.50000       -15.25395       -2.13068
137.50000       -14.84038       -2.36415
162.50001       -14.36073       -2.63481
187.50001       -13.86670       -2.91366
212.50001       -13.41515       -3.16861
237.50001       -12.90097       -3.45877
262.50002       -12.44312       -3.71725
287.50002       -11.99990       -3.96736
312.50000       -11.58241       -4.18772
337.50001       -11.30170       -4.30965
362.50001       -10.94991       -4.46246
387.50002       -9.59935       -5.28145
412.50002       -9.23801       -5.43833
437.50003       -8.87896       -5.59432
462.50004       -8.57340       -5.72712
487.50001       -8.22524       -5.87832
512.50005       -7.88606       -6.02559
537.50002       -7.50135       -6.19164
562.50000       -7.36540       -6.13943
587.50004       -7.23683       -6.08804
612.50001       -7.12749       -6.04433
637.50005       -7.01440       -5.99913
662.50002       -6.90255       -5.95435
687.50006       -6.80183       -5.91400
712.50004       -6.68596       -5.86772
737.50001       -6.56106       -5.81776
762.50005       -6.44852       -5.77274
787.50002       -6.34196       -5.73007
812.50006       -6.25452       -5.69975
837.50004       -6.17890       -5.67703
862.50001       -6.10151       -5.65383
887.50005       -6.02790       -5.63173
912.50002       -5.95426       -5.60965
937.50006       -5.89578       -5.59203
962.50004       -5.83349       -5.57333
987.50007       -5.77001       -5.55434
1012.50005       -5.70920       -5.53613
1037.50002       -5.64762       -5.51764
1062.50000       -5.59180       -5.50093
1087.50010       -5.53552       -5.48393
1112.50007       -5.43888       -5.41420
1137.50005       -5.28953       -5.26957
1162.50002       -5.16665       -5.15059
1187.50000       -5.02524       -5.01357
1212.50010       -4.89462       -4.88706
1237.50007       -4.72299       -4.72092
1262.50005       -4.56889       -4.57162
1287.50002       -4.43307       -4.44010
1312.50012       -4.29008       -4.30161
1337.50010       -4.14171       -4.15794
1362.50007       -3.99668       -4.01751
1387.50005       -3.84131       -3.86704
1412.50002       -3.70020       -3.73061
1437.50012       -3.47318       -3.66096
1462.50010       -3.19853       -3.71995
1487.50007       -2.90445       -3.78334
1512.50005       -2.59826       -3.84928
1537.50002       -2.34511       -3.90393
1562.50012       -2.09516       -3.95782
1587.50010       -1.85750       -4.00903
1612.50007       -1.61972       -4.06033
1637.50005       -1.38934       -4.11003
1662.50002       -1.17677       -4.15584
1687.50012       -0.91527       -4.21224
1712.50010       -0.62972       -4.27366
1737.50007       -0.35075       -4.26390
1762.50005       -0.00035       -3.84983
1787.50014       0.29184       -3.50372
1812.50012       0.55141       -3.19618
1837.50010       0.85408       -2.83770
1862.50007       1.10938       -2.53527
1887.50005       1.33659       -2.26622
1912.50014       1.59155       -1.96419
1937.50012       1.82613       -1.68619
1962.50010       2.10633       -1.35434
1987.50007       2.30768       -1.24470
2012.50005       2.50084       -1.24653
2037.50014       2.70421       -1.24863
2062.50000       2.93276       -1.25103
2087.50010       3.15241       -1.25333
2112.50019       3.35391       -1.25544
2137.50005       3.59954       -1.25803
2162.50014       3.80741       -1.26023
2187.50000       4.01889       -1.26232
2212.50010       4.09393       -1.21290
2237.50019       4.08310       -1.12134
2262.50005       4.07380       -1.04292
2287.50014       4.06370       -0.95801
2312.50000       4.05290       -0.86741
2337.50010       4.04150       -0.77207
2362.50019       4.03100       -0.68394
2387.50005       4.02060       -0.59620
2412.50014       4.00941       -0.50160
2437.50000       4.02314       -0.42279
2462.50010       4.13527       -0.41883
2487.50019       4.27818       -0.41403
2512.50005       4.40269       -0.40993
2537.50014       4.51471       -0.40613
2562.50024       4.63177       -0.40223
2587.50010       4.77004       -0.39763
2612.50019       4.91877       -0.39273
2637.50005       5.10439       -0.38657
2662.50014       5.28729       -0.38697
2687.50024       5.46886       -0.39453
2712.50010       5.64064       -0.40173
2737.50019       5.79540       -0.40813
2762.50005       5.94877       -0.41453
2787.50014       6.06882       -0.41953
2812.50024       6.21457       -0.42564
2837.50010       6.39106       -0.43233
2862.50019       6.52476       -0.25728
2887.50005       6.62458       -0.11636
2912.50014       6.71999       0.01815
2937.50024       6.81288       0.14934
2962.50010       6.90227       0.27537
2987.50019       7.00800       0.42466
3012.50005       7.11306       0.57291
3041.93568       7.20366       0.70070
3080.24216       7.34682       0.85833
3127.41947       7.52445       0.94049
3183.46786       7.72465       1.03308
3248.38734       8.00085       1.16018
3322.17741       8.29010       1.14380
3404.83904       8.57898       1.04942
3496.37127       8.96533       0.94525
3596.77458       9.52402       0.83824
3706.04849       10.08719       0.67894
3824.19372       10.62008       0.43069
3951.21002       10.72181       0.42097
4087.09669       10.67001       0.57390
4231.85492       11.10132       0.80404
4385.48422       11.64670       1.12486
4547.98412       12.22158       1.50503
4719.35511       12.61917       1.82846
4899.59669       13.05302       2.21418
5088.71031       13.55075       2.64301
5286.69405       13.89363       3.01984
5493.54839       14.28666       3.48088
5709.27477       14.61529       3.91850
5933.87127       14.90233       4.36947
6167.33932       15.28849       4.89509
6409.67798       15.64212       5.48277
6660.88772       16.00598       6.28857
6920.96806       16.55466       7.54640
7189.91947       16.92072       8.78870
7467.74149       17.09560       9.86537
7754.43602       17.32960       11.10594
8050.00019       17.39965       12.40408
8350.00038       17.38958       13.81723
8650.00057       17.23981       15.32826
8950.00076       16.87704       16.87412
9250.00000       16.54328       18.31991
9550.00019       16.13298       19.49723
9850.00038       15.76662       20.31722
10150.00057       15.37341       21.12229
10450.00076       15.00833       21.85915
10750.00095       14.54080       22.63436
11050.00019       14.09334       23.36732
11350.00038       13.59140       24.13217
11650.00057       12.89034       25.05267
11950.00076       12.12119       25.94984
12250.00095       11.27838       26.87315
12550.00019       10.22509       27.85156
12850.00038       9.09940       28.77191
13150.00057       7.97071       29.60119
13450.00076       6.81096       30.37085
13750.00095       5.33777       31.21163
14050.00019       4.05380       31.86885
14350.00038       2.81136       32.39921
14650.00057       1.47761       32.89763
14950.00076       -0.36216       33.49639
15250.00095       -2.57373       33.97210
15550.00114       -2.59370       33.97607
15850.00000       -2.60730       33.97877
