   869.86194       310.30115       13.21323
   12.50000       310.30115       13.21323
   37.50000       310.30123       13.21293
   62.50000       310.39163       13.13591
   87.50001       310.43611       13.11404
   112.50000       310.41598       13.11168
   137.50000       310.40420       13.08385
   162.50001       310.39396       13.08973
   187.50001       310.38727       13.09564
   212.50001       310.39464       13.17841
   237.50001       310.39971       13.11632
   262.50002       310.39608       13.08803
   287.50002       310.39581       13.10543
   312.50000       310.39912       13.09086
   337.50001       310.40922       13.12156
   362.50001       310.42015       13.15838
   387.50002       310.41520       13.11085
   412.50002       310.42439       13.09276
   437.50003       310.42912       13.08917
   462.50004       310.43797       13.05646
   487.50001       310.45050       13.06298
   512.50005       310.45347       13.00210
   537.50002       310.47847       12.92932
   562.50000       310.52698       12.93664
   587.50004       310.55141       12.84943
   612.50001       310.56292       12.81561
   637.50005       310.59584       12.75064
   662.50002       310.67423       12.57545
   687.50006       310.81514       12.30626
   712.50004       310.94084       12.02721
   737.50001       311.09271       11.70838
   762.50005       311.18367       11.53817
   787.50002       311.28063       11.33651
   812.50006       311.36701       11.18477
   837.50004       311.44268       11.05786
   862.50001       311.50371       10.94728
   887.50005       311.57818       10.86127
   912.50002       311.65034       10.76463
   937.50006       311.69297       10.69110
   962.50004       311.74938       10.62930
   987.50007       311.77926       10.64452
   1012.50005       311.79697       10.63415
   1037.50002       311.84781       10.58178
   1062.50000       311.84901       10.55068
   1087.50010       311.85538       10.51332
   1112.50007       311.88063       10.53903
   1137.50005       311.95297       10.44194
   1162.50002       312.03880       10.21767
   1187.50000       312.14896       10.00793
   1212.50010       312.24597       9.82449
   1237.50007       312.41878       9.31687
   1262.50005       312.68006       8.82221
   1287.50002       312.75052       8.71494
   1312.50012       312.93456       8.40838
   1337.50010       312.96963       8.36789
   1362.50007       313.04199       8.20330
   1387.50005       313.17764       7.86461
   1412.50002       313.40894       7.40637
   1437.50012       313.62320       7.15806
   1462.50010       313.72225       7.06538
   1487.50007       313.75043       7.01342
   1512.50005       313.81023       6.94953
   1537.50002       313.84036       6.92736
   1562.50012       313.91412       6.67409
   1587.50010       314.07657       6.34322
   1612.50007       314.18520       6.28569
   1637.50005       314.31156       6.09867
   1662.50002       314.44109       5.99284
   1687.50012       314.53346       5.90251
   1712.50010       314.63564       5.71825
   1737.50007       314.84054       5.48392
   1762.50005       314.96971       5.29430
   1787.50014       315.05393       5.19731
   1812.50012       315.13633       5.02407
   1837.50010       315.27114       4.84669
   1862.50007       315.52770       2.88123
   1887.50005       315.74433       2.62733
   1912.50014       315.76165       2.64536
   1937.50012       315.76599       2.69190
   1962.50010       315.78908       2.76243
   1987.50007       315.80779       2.80045
   2012.50005       315.82622       2.76362
   2037.50014       315.86165       2.68641
   2062.50000       315.95785       2.74351
   2087.50010       316.01222       2.74274
   2112.50019       316.05948       2.77639
   2137.50005       316.09644       2.79964
   2162.50014       316.12636       2.82657
   2187.50000       316.14876       2.82655
   2212.50010       316.17272       2.81507
   2237.50019       316.21093       2.79150
   2262.50005       316.26238       2.76063
   2287.50014       316.35025       2.72998
   2312.50000       316.39276       2.69162
   2337.50010       316.44820       2.66068
   2362.50019       316.49243       2.63543
   2387.50005       316.53398       2.62557
   2412.50014       316.58461       2.60758
   2437.50000       316.69703       2.56243
   2462.50010       316.75996       2.55150
   2487.50019       316.78052       2.54097
   2512.50005       316.78191       2.52790
   2537.50014       316.79589       2.53921
   2562.50024       316.80374       2.53106
   2587.50010       316.79498       2.50856
   2612.50019       316.82277       2.49774
   2637.50005       316.81523       2.50485
   2662.50014       316.81888       2.50444
   2687.50024       316.81724       2.50186
   2712.50010       316.81990       2.49760
   2737.50019       316.82571       2.49580
   2762.50005       316.81969       2.49569
   2787.50014       316.81756       2.49256
   2812.50024       316.83333       2.49695
   2837.50010       316.84874       2.46730
   2862.50019       316.88627       2.45834
   2887.50005       316.95044       2.41240
   2912.50014       316.89762       2.40759
   2937.50024       316.88611       2.38755
   2962.50010       316.90216       2.38557
   2987.50019       316.90528       2.40653
   3012.50005       316.91999       2.39016
   3041.93568       316.93242       2.38517
   3080.24216       316.98468       2.35121
   3127.41947       317.03229       2.30746
   3183.46786       317.04606       2.26726
   3248.38734       317.06029       2.24890
   3322.17741       317.30686       1.95968
   3404.83904       317.37975       2.00121
   3496.37127       317.39373       1.96731
   3596.77458       317.48269       1.88598
   3706.04849       317.72855       1.64612
   3824.19372       317.85913       1.64849
   3951.21002       317.92343       1.68306
   4087.09669       317.94876       1.66285
   4231.85492       318.16301       1.55964
   4385.48422       318.28077       1.44895
   4547.98412       318.68006       1.22344
   4719.35511       318.88830       1.14590
   4899.59669       319.57315       0.85375
   5088.71031       319.77878       0.67702
   5286.69405       319.71853       0.54692
   5493.54839       319.96725       0.52426
   5709.27477       320.48469       0.50658
   5933.87127       320.97837       0.46392
   6167.33932       321.64656       0.38634
   6409.67798       322.82452       0.34828
   6660.88772       323.85205       0.31798
   6920.96806       325.47652       0.35490
   7189.91947       327.06300       0.32533
   7467.74149       328.98627       0.29329
   7754.43602       330.05952       0.21958
   8050.00019       331.47959       0.20988
   8350.00038       333.47983       0.19416
   8650.00057       334.25615       0.15886
   8950.00076       334.94378       0.13297
   9250.00000       335.94343       0.10612
   9550.00019       337.86383       0.08772
   9850.00038       342.37105       0.07695
   10150.00057       343.20109       0.05570
   10450.00076       344.11320       0.04609
   10750.00095       344.59151       0.03214
   11050.00019       345.19564       0.02579
   11350.00038       345.75691       0.01900
   11650.00057       346.44882       0.01375
   11950.00076       347.46698       0.01011
   12250.00095       353.47360       0.01025
   12550.00019       358.97589       0.00314
   12850.00038       367.19404       0.00650
   13150.00057       371.45247       0.00545
   13450.00076       375.71982       0.00448
   13750.00095       381.77363       0.00388
   14050.00019       386.84190       0.00356
   14350.00038       391.62948       0.00372
   14650.00057       396.41313       0.00324
   14950.00076       403.28906       0.00357
   15250.00095       406.20664       0.00326
   15550.00114       407.35832       0.00330
   15850.0       407.48133       0.00318
