   869.86194       -16.2351       -0.24353
12.50000       -16.23510       -0.24353
37.50000       -16.21118       -0.25703
62.50000       -16.02509       -0.36209
87.50001       -15.69858       -0.54635
112.50000       -15.25409       -0.79727
137.50000       -14.84005       -1.03100
162.50001       -14.36066       -1.30151
187.50001       -13.86689       -1.58021
212.50001       -13.41490       -1.83541
237.50001       -12.90114       -2.12534
262.50002       -12.44315       -2.38391
287.50002       -11.99991       -2.63403
312.50000       -11.58262       -2.85423
337.50001       -11.30150       -2.97641
362.50001       -10.94991       -3.12913
387.50002       -8.59930       -4.61481
412.50002       -8.23802       -4.77166
437.50003       -7.87923       -4.92754
462.50004       -7.57321       -5.06054
487.50001       -7.22527       -5.21163
512.50005       -6.88592       -5.35898
537.50002       -6.50179       -5.52459
562.50000       -6.36540       -5.47277
587.50004       -6.23685       -5.42139
612.50001       -6.12748       -5.37766
637.50005       -6.01441       -5.33247
662.50002       -5.90260       -5.28771
687.50006       -5.80175       -5.24731
712.50004       -5.68591       -5.20103
737.50001       -5.56111       -5.15111
762.50005       -5.44855       -5.10609
787.50002       -5.34202       -5.06344
812.50006       -5.25454       -5.03310
837.50004       -5.17890       -5.01037
862.50001       -5.10151       -4.98717
887.50005       -5.02790       -4.96507
912.50002       -4.95431       -4.94300
937.50006       -4.89577       -4.92536
962.50004       -4.83349       -4.90666
987.50007       -4.77003       -4.88767
1012.50005       -4.70919       -4.86946
1037.50002       -4.64765       -4.85098
1062.50000       -4.59180       -4.83427
1087.50010       -4.53544       -4.81716
1112.50007       -4.43885       -4.74750
1137.50005       -4.28957       -4.60293
1162.50002       -4.16660       -4.48387
1187.50000       -4.02528       -4.34695
1212.50010       -3.89444       -4.22022
1237.50007       -3.72307       -4.05433
1262.50005       -3.56898       -3.90504
1287.50002       -3.43303       -3.77340
1312.50012       -3.29006       -3.63492
1337.50010       -3.14172       -3.49129
1362.50007       -2.99666       -3.35083
1387.50005       -2.84132       -3.20038
1412.50002       -2.70010       -3.06402
1437.50012       -2.47306       -2.99462
1462.50010       -2.19846       -3.05330
1487.50007       -1.90439       -3.11669
1512.50005       -1.59851       -3.18256
1537.50002       -1.34513       -3.23726
1562.50012       -1.09522       -3.29114
1587.50010       -0.85750       -3.34237
1612.50007       -0.61975       -3.39366
1637.50005       -0.38938       -3.44335
1662.50002       -0.17674       -3.48918
1687.50012       0.08475       -3.54558
1712.50010       0.37027       -3.60682
1737.50007       0.64951       -3.59579
1762.50005       0.99939       -3.18347
1787.50014       1.29169       -2.83724
1812.50012       1.55163       -2.52926
1837.50010       1.85385       -2.17130
1862.50007       2.10926       -1.86875
1887.50005       2.33669       -1.59944
1912.50014       2.59151       -1.29757
1937.50012       2.82617       -1.01949
1962.50010       3.10625       -0.68789
1987.50007       3.30766       -0.57830
2012.50005       3.50087       -0.57987
2037.50014       3.70432       -0.58197
2062.50000       3.93271       -0.58437
2087.50010       4.15232       -0.58666
2112.50019       4.35412       -0.58877
2137.50005       4.59938       -0.59136
2162.50014       4.80743       -0.59357
2187.50000       5.01857       -0.59553
2212.50010       5.09386       -0.54620
2237.50019       5.08310       -0.45469
2262.50005       5.07380       -0.37624
2287.50014       5.06370       -0.29133
2312.50000       5.05289       -0.20073
2337.50010       5.04151       -0.10544
2362.50019       5.03100       -0.01727
2387.50005       5.02059       0.07050
2412.50014       5.00951       0.16500
2437.50000       5.02349       0.24361
2462.50010       5.13534       0.24784
2487.50019       5.27817       0.25263
2512.50005       5.40268       0.25673
2537.50014       5.51472       0.26053
2562.50024       5.63184       0.26444
2587.50010       5.77009       0.26904
2612.50019       5.91895       0.27395
2637.50005       6.10437       0.28007
2662.50014       6.28729       0.27967
2687.50024       6.46882       0.27214
2712.50010       6.64058       0.26494
2737.50019       6.79539       0.25853
2762.50005       6.94873       0.25214
2787.50014       7.06883       0.24713
2812.50024       7.21463       0.24103
2837.50010       7.39092       0.23494
2862.50019       7.52462       0.40924
2887.50005       7.62456       0.55027
2912.50014       7.71998       0.68480
2937.50024       7.81287       0.81598
2962.50010       7.90234       0.94214
2987.50019       8.00799       1.09133
3012.50005       8.11303       1.23953
3041.93568       8.20372       1.36740
3080.24216       8.34684       1.52495
3127.41947       8.52449       1.60718
3183.46786       8.72489       1.69986
3248.38734       9.00091       1.82625
3322.17741       9.29009       1.81011
3404.83904       9.57945       1.71604
3496.37127       9.96616       1.61191
3596.77458       10.52403       1.50468
3706.04849       11.08709       1.34528
3824.19372       11.61895       1.09798
3951.21002       11.72162       1.08783
4087.09669       11.67022       1.24060
4231.85492       12.10155       1.47089
4385.48422       12.64679       1.79171
4547.98412       13.22085       2.17147
4719.35511       13.61934       2.49541
4899.59669       14.05333       2.88106
5088.71031       14.55000       3.30942
5286.69405       14.89385       3.68688
5493.54839       15.28642       4.14746
5709.27477       15.61518       4.58520
5933.87127       15.90246       5.03623
6167.33932       16.28848       5.56177
6409.67798       16.64214       6.14985
6660.88772       17.00656       6.95665
6920.96806       17.55393       8.21300
7189.91947       17.91983       9.45459
7467.74149       18.09590       10.53285
7754.43602       18.32881       11.77288
8050.00019       18.39929       13.07126
8350.00038       18.38905       14.48427
8650.00057       18.23923       15.99502
8950.00076       17.87708       17.54065
9250.00000       17.54327       18.98652
9550.00019       17.13306       20.16326
9850.00038       16.76654       20.98385
10150.00057       16.37353       21.78869
10450.00076       16.00785       22.52599
10750.00095       15.54090       23.30082
11050.00019       15.09308       24.03414
11350.00038       14.59051       24.79954
11650.00057       13.89009       25.71925
11950.00076       13.12099       26.61658
12250.00095       12.27806       27.53990
12550.00019       11.22508       28.51822
12850.00038       10.09939       29.43842
13150.00057       8.97062       30.26768
13450.00076       7.80973       31.03780
13750.00095       6.33864       31.87746
14050.00019       5.05400       32.53490
14350.00038       3.81093       33.06572
14650.00057       2.47532       33.56475
14950.00076       0.63638       34.16258
15250.00095       -1.56736       34.63739
15550.00114       -1.59370       34.64273
15850.00000       -1.60730       34.64543
