   869.86194       -16.2351       1.0898
12.50000       -16.23510       1.08980
37.50000       -16.21092       1.07616
62.50000       -16.02468       0.97101
87.50001       -15.69812       0.78672
112.50000       -15.25424       0.53615
137.50000       -14.83973       0.30216
162.50001       -14.36059       0.03178
187.50001       -13.86709       -0.24677
212.50001       -13.41466       -0.50222
237.50001       -12.90130       -0.79192
262.50002       -12.44317       -1.05056
287.50002       -11.99991       -1.30069
312.50000       -11.58282       -1.52075
337.50001       -11.30129       -1.64316
362.50001       -10.94992       -1.79579
387.50002       -7.59925       -3.94816
412.50002       -7.23803       -4.10499
437.50003       -6.87949       -4.26076
462.50004       -6.57301       -4.39396
487.50001       -6.22531       -4.54495
512.50005       -5.88578       -4.69238
537.50002       -5.50224       -4.85753
562.50000       -5.36540       -4.80610
587.50004       -5.23688       -4.75473
612.50001       -5.12747       -4.71099
637.50005       -5.01441       -4.66580
662.50002       -4.90265       -4.62106
687.50006       -4.80168       -4.58061
712.50004       -4.68587       -4.53435
737.50001       -4.56117       -4.48447
762.50005       -4.44857       -4.43943
787.50002       -4.34208       -4.39682
812.50006       -4.25457       -4.36644
837.50004       -4.17890       -4.34370
862.50001       -4.10152       -4.32050
887.50005       -4.02790       -4.29840
912.50002       -3.95437       -4.27635
937.50006       -3.89575       -4.25869
962.50004       -3.83348       -4.24000
987.50007       -3.77004       -4.22101
1012.50005       -3.70919       -4.20280
1037.50002       -3.64767       -4.18432
1062.50000       -3.59180       -4.16760
1087.50010       -3.53536       -4.15039
1112.50007       -3.43883       -4.08080
1137.50005       -3.28960       -3.93630
1162.50002       -3.16655       -3.81716
1187.50000       -3.02532       -3.68032
1212.50010       -2.89426       -3.55337
1237.50007       -2.72316       -3.38775
1262.50005       -2.56907       -3.23846
1287.50002       -2.43300       -3.10670
1312.50012       -2.29003       -2.96824
1337.50010       -2.14173       -2.82463
1362.50007       -1.99664       -2.68414
1387.50005       -1.84132       -2.53372
1412.50002       -1.70001       -2.39743
1437.50012       -1.47294       -2.32828
1462.50010       -1.19839       -2.38664
1487.50007       -0.90434       -2.45003
1512.50005       -0.59877       -2.51584
1537.50002       -0.34514       -2.57059
1562.50012       -0.09527       -2.62446
1587.50010       0.14250       -2.67570
1612.50007       0.38023       -2.72698
1637.50005       0.61059       -2.77668
1662.50002       0.82329       -2.82252
1687.50012       1.08478       -2.87892
1712.50010       1.37025       -2.93999
1737.50007       1.64976       -2.92769
1762.50005       1.99914       -2.51710
1787.50014       2.29153       -2.17075
1812.50012       2.55184       -1.86234
1837.50010       2.85363       -1.50490
1862.50007       3.10915       -1.20222
1887.50005       3.33678       -0.93266
1912.50014       3.59146       -0.63096
1937.50012       3.82620       -0.35278
1962.50010       4.10618       -0.02143
1987.50007       4.30764       0.08811
2012.50005       4.50091       0.08680
2037.50014       4.70442       0.08470
2062.50000       4.93267       0.08230
2087.50010       5.15223       0.08000
2112.50019       5.35433       0.07789
2137.50005       5.59922       0.07531
2162.50014       5.80744       0.07310
2187.50000       6.01826       0.07125
2212.50010       6.09378       0.12051
2237.50019       6.08310       0.21197
2262.50005       6.07379       0.29044
2287.50014       6.06369       0.37536
2312.50000       6.05289       0.46596
2337.50010       6.04151       0.56120
2362.50019       6.03100       0.64939
2387.50005       6.02059       0.73720
2412.50014       6.00962       0.83160
2437.50000       6.02383       0.91002
2462.50010       6.13542       0.91451
2487.50019       6.27815       0.91930
2512.50005       6.40267       0.92340
2537.50014       6.51473       0.92720
2562.50024       6.63191       0.93111
2587.50010       6.77013       0.93570
2612.50019       6.91912       0.94062
2637.50005       7.10436       0.94670
2662.50014       7.28728       0.94630
2687.50024       7.46877       0.93881
2712.50010       7.64052       0.93161
2737.50019       7.79539       0.92520
2762.50005       7.94870       0.91880
2787.50014       8.06885       0.91380
2812.50024       8.21470       0.90769
2837.50010       8.39078       0.90221
2862.50019       8.52448       1.07577
2887.50005       8.62454       1.21691
2912.50014       8.71996       1.35145
2937.50024       8.81285       1.48262
2962.50010       8.90241       1.60891
2987.50019       9.00799       1.75799
3012.50005       9.11299       1.90614
3041.93568       9.20378       2.03410
3080.24216       9.34686       2.19158
3127.41947       9.52454       2.27386
3183.46786       9.72514       2.36664
3248.38734       10.00096       2.49233
3322.17741       10.29009       2.47641
3404.83904       10.57993       2.38266
3496.37127       10.96699       2.27856
3596.77458       11.52405       2.17111
3706.04849       12.08698       2.01162
3824.19372       12.61783       1.76527
3951.21002       12.72143       1.75470
4087.09669       12.67042       1.90730
4231.85492       13.10177       2.13773
4385.48422       13.64689       2.45857
4547.98412       14.22013       2.83790
4719.35511       14.61951       3.16237
4899.59669       15.05365       3.54793
5088.71031       15.54924       3.97584
5286.69405       15.89408       4.35393
5493.54839       16.28618       4.81403
5709.27477       16.61507       5.25191
5933.87127       16.90260       5.70300
6167.33932       17.28847       6.22846
6409.67798       17.64215       6.81692
6660.88772       18.00713       7.62472
6920.96806       18.55319       8.87960
7189.91947       18.91895       10.12049
7467.74149       19.09619       11.20032
7754.43602       19.32801       12.43982
8050.00019       19.39894       13.73844
8350.00038       19.38853       15.15130
8650.00057       19.23864       16.66179
8950.00076       18.87713       18.20717
9250.00000       18.54325       19.65312
9550.00019       18.13314       20.82928
9850.00038       17.76645       21.65047
10150.00057       17.37364       22.45508
10450.00076       17.00738       23.19284
10750.00095       16.54101       23.96727
11050.00019       16.09282       24.70096
11350.00038       15.58961       25.46691
11650.00057       14.88983       26.38582
11950.00076       14.12078       27.28332
12250.00095       13.27774       28.20665
12550.00019       12.22508       29.18488
12850.00038       11.09939       30.10494
13150.00057       9.97053       30.93417
13450.00076       8.80849       31.70475
13750.00095       7.33951       32.54329
14050.00019       6.05420       33.20095
14350.00038       4.81049       33.73223
14650.00057       3.47303       34.23188
14950.00076       1.63492       34.82878
15250.00095       -0.56098       35.30269
15550.00114       -0.59370       35.30940
15850.00000       -0.60730       35.31210
